#
#Feature symbol names
#
$0 r1.969
$1 r3.937

#
#Layer features
#
A 2.985 0.00007874 3.085 0.10007874 2.985 0.10007874 0 P 10 N
L 3.085 0.10007874 3.085 3.22007874 0 P 10 
L 1.44401575 0 0.1 0 0 P 10 
A 2.88043307 2.34007874 2.88043307 2.34007874 2.845 2.34007874 0 P 10 N
L 1.75958661 2.12553041 1.02335453 2.12553041 1 P 11 
L 2.985 3.32007874 0.1 3.32007874 0 P 10 
L 1.02335453 2.27531102 1.75958661 2.27531102 1 P 11 
A 1.02335453 2.27531211 1.02335453 2.12553041 1.02335433 2.20042126 0 P 10 N
L 0 0.10007874 0 3.22007874 0 P 10 
A 1.75958661 2.1255315 1.75958661 2.27531102 1.75958661 2.20042126 0 P 10 N
A 0 0.10007874 0.1 0 0.10007874 0.10007874 0 P 10 N
L 2.985 0.00007874 1.44401575 0 0 P 10 
A 3.085 3.22007874 2.985 3.32007874 2.985 3.22007874 0 P 10 N
A 0.85330217 1.85230738 0.89253445 1.85230738 0.87291831 1.85219518 0 P 10 N
L 2.39911614 2.28519488 2.39911614 2.4989626 0 P 10 
L 2.55676772 3.25607874 2.55676772 3.11795276 0 P 10 
A 1.95743307 2.07207874 1.95743307 2.07207874 1.922 2.07207874 0 P 10 N
L 1.21876772 3.25607874 1.21876772 3.11795276 0 P 10 
L 1.845 1.59207874 1.845 1.72507874 1 P 11 
A 2.16376772 3.11395276 2.203 3.11395276 2.18338386 3.11395276 0 P 10 N
L 2.16188386 2.4989626 2.16188386 2.28519488 0 P 10 
A 2.203 3.25207874 2.16376772 3.25207874 2.18338386 3.25207874 0 P 10 N
L 1.456 2.79195276 1.456 2.93007874 0 P 10 
L 0.68076772 2.93107874 0.68076772 2.79295276 0 P 10 
L 2.20111614 2.28519488 2.20111614 2.4989626 0 P 10 
A 2.16188386 1.95683071 2.20111614 1.95683071 2.1815 1.95683071 0 P 10 N
A 1.41776772 3.11795276 1.457 3.11795276 1.43738386 3.11795276 0 P 10 N
A 2.55688386 2.62573228 2.59611614 2.62573228 2.5765 2.62573228 0 P 10 N
A 0.73929134 1.71220472 0.68929134 1.71220472 0.71429134 1.71220472 0 P 10 N
A 2.88043307 1.97607874 2.88043307 1.97607874 2.845 1.97607874 0 P 10 N
A 1.845 1.59207874 1.908 1.52907874 1.908 1.59207874 0 P 10 N
L 2.59711614 2.28519488 2.59711614 2.4989626 0 P 10 
A 2.35988386 2.28519488 2.39911614 2.28519488 2.3795 2.28519488 0 P 10 N
A 1.457 3.25607874 1.41776772 3.25607874 1.43738386 3.25607874 0 P 10 N
A 2.55676772 3.11795276 2.596 3.11795276 2.57638386 3.11795276 0 P 10 N
L 0.80920768 2.53421752 0.63472933 2.53421752 0 P 10 
L 1.21976772 2.93407874 1.21976772 2.79595276 0 P 10 
A 2.20111614 2.4989626 2.16188386 2.4989626 2.1815 2.4989626 0 P 10 N
L 2.55688386 2.9299626 2.55688386 2.62573228 0 P 10 
L 2.59611614 2.62573228 2.59611614 2.9299626 0 P 10 
A 0.63472933 2.12477067 0.63472933 2.08553642 0.63461811 2.10515354 0 P 10 N
L 1.61476772 3.25207874 1.61476772 3.11395276 0 P 10 
L 1.908 1.58207874 2.778 1.58207874 1 P 11 
A 1.898 1.72507874 1.845 1.72507874 1.8715 1.72507874 0 P 10 N
L 2.35888386 2.1536811 2.35888386 1.95683071 0 P 10 
L 0.63472933 2.08553642 0.8455 2.08557874 0 P 10 
L 1.61376772 2.92507874 1.61376772 2.78695276 0 P 10 
L 1.898 1.72507874 1.898 1.59207874 1 P 11 
A 2.59711614 2.4989626 2.55788386 2.4989626 2.5775 2.4989626 0 P 10 N
L 2.16330709 2.9304252 2.16330709 2.62619488 0 P 10 
A 0.68181102 3.12407874 0.72104331 3.12407874 0.70142717 3.12407874 0 P 10 N
A 1.21876772 3.11795276 1.258 3.11795276 1.23838386 3.11795276 0 P 10 N
L 2.399 3.11995276 2.399 3.25807874 0 P 10 
L 2.59711614 1.95683071 2.59711614 2.1536811 0 P 10 
A 0.8535 2.07757874 0.8455 2.08557874 0.8455 2.07757874 0 P 10 N
L 0.8535 2.07757874 0.85330217 1.85230738 0 P 10 
L 1.259 2.79595276 1.259 2.93407874 0 P 10 
L 2.16188386 2.1536811 2.16188386 1.95683071 0 P 10 
A 2.59611614 2.9299626 2.55688386 2.9299626 2.5765 2.9299626 0 P 10 N
L 0.89253445 1.85230738 0.8925 2.07757874 0 P 10 
A 1.41676772 2.79195276 1.456 2.79195276 1.43638386 2.79195276 0 P 10 N
L 2.16376772 3.25207874 2.16376772 3.11395276 0 P 10 
L 1.653 2.78695276 1.653 2.92507874 0 P 10 
L 2.55788386 2.1536811 2.55788386 1.95683071 0 P 10 
A 0.28076772 2.12969488 0.32 2.12969488 0.30038386 2.12969488 0 P 10 N
L 2.778 1.52907874 1.908 1.52907874 1 P 11 
L 2.39911614 2.62673228 2.39911614 2.9309626 0 P 10 
A 2.16330709 2.62619488 2.20253937 2.62619488 2.18292323 2.62619488 0 P 10 N
A 1.898 1.59207874 1.908 1.58207874 1.908 1.59207874 0 P 10 N
A 1.21976772 2.79595276 1.259 2.79595276 1.23938386 2.79595276 0 P 10 N
A 0.72104331 3.26220472 0.68181102 3.26220472 0.70142717 3.26220472 0 P 10 N
L 0.72104331 3.12407874 0.72104331 3.26220472 0 P 10 
A 0.80920768 2.4949872 0.80920768 2.53421752 0.80920866 2.51460236 0 P 10 N
L 0.72 2.79295276 0.72 2.93107874 0 P 10 
L 2.20253937 2.62619488 2.20253937 2.9304252 0 P 10 
A 0.72 2.93107874 0.68076772 2.93107874 0.70038386 2.93107874 0 P 10 N
A 0.68076772 2.79295276 0.72 2.79295276 0.70038386 2.79295276 0 P 10 N
L 1.654 3.11395276 1.654 3.25207874 0 P 10 
L 1.41776772 3.25607874 1.41776772 3.11795276 0 P 10 
A 0.68929134 0.94820472 0.73929134 0.94820472 0.71429134 0.94881949 0 P 10 N
L 2.35988386 2.4989626 2.35988386 2.28519488 0 P 10 
A 1.654 3.25207874 1.61476772 3.25207874 1.63438386 3.25207874 0 P 10 N
A 2.16188386 2.28519488 2.20111614 2.28519488 2.1815 2.28519488 0 P 10 N
L 1.41676772 2.93007874 1.41676772 2.79195276 0 P 10 
A 0.1 3.32007874 0 3.22007874 0.1 3.22007874 0 P 10 N
A 0.63472933 2.53421949 0.63472933 2.49498524 0.63472835 2.51460236 0 P 10 N
A 1.456 2.93007874 1.41676772 2.93007874 1.43638386 2.93007874 0 P 10 N
L 0.28076772 2.27455709 0.28076772 2.12969488 0 P 10 
L 2.35988386 2.9309626 2.35988386 2.62673228 0 P 10 
L 1.457 3.11795276 1.457 3.25607874 0 P 10 
A 2.39911614 2.4989626 2.35988386 2.4989626 2.3795 2.4989626 0 P 10 N
A 2.35976772 3.11995276 2.399 3.11995276 2.37938386 3.11995276 0 P 10 N
A 2.399 3.25807874 2.35976772 3.25807874 2.37938386 3.25807874 0 P 10 N
L 0.68929134 1.71220472 0.68929134 0.94820472 0 P 10 
A 1.61376772 2.78695276 1.653 2.78695276 1.63338386 2.78695276 0 P 10 N
A 2.59711614 2.1536811 2.55788386 2.1536811 2.5775 2.1536811 0 P 10 N
A 2.55788386 2.28519488 2.59711614 2.28519488 2.5775 2.28519488 0 P 10 N
A 2.35988386 2.62673228 2.39911614 2.62673228 2.3795 2.62673228 0 P 10 N
A 1.259 2.93407874 1.21976772 2.93407874 1.23938386 2.93407874 0 P 10 N
A 2.35888386 1.95683071 2.39811614 1.95683071 2.3785 1.95683071 0 P 10 N
L 2.596 3.11795276 2.596 3.25607874 0 P 10 
A 2.39911614 2.9309626 2.35988386 2.9309626 2.3795 2.9309626 0 P 10 N
A 0.8925 2.07757874 0.8455 2.12457874 0.8455 2.07757874 0 P 10 N
A 1.258 3.25607874 1.21876772 3.25607874 1.23838386 3.25607874 0 P 10 N
L 1.258 3.11795276 1.258 3.25607874 0 P 10 
L 0.68181102 3.26220472 0.68181102 3.12407874 0 P 10 
L 2.55788386 2.4989626 2.55788386 2.28519488 0 P 10 
L 0.8455 2.12457874 0.63472933 2.1247687 0 P 10 
L 2.20111614 1.95683071 2.20111614 2.1536811 0 P 10 
A 0.32 2.27455709 0.28076772 2.27455709 0.30038386 2.27455709 0 P 10 N
A 2.778 1.52907874 2.778 1.58207874 2.778 1.55557874 0 P 10 N
A 2.20111614 2.1536811 2.16188386 2.1536811 2.1815 2.1536811 0 P 10 N
A 2.39811614 2.1536811 2.35888386 2.1536811 2.3785 2.1536811 0 P 10 N
A 1.653 2.92507874 1.61376772 2.92507874 1.63338386 2.92507874 0 P 10 N
A 2.596 3.25607874 2.55676772 3.25607874 2.57638386 3.25607874 0 P 10 N
A 1.61476772 3.11395276 1.654 3.11395276 1.63438386 3.11395276 0 P 10 N
L 0.32 2.12969488 0.32 2.27455709 0 P 10 
L 2.35976772 3.25807874 2.35976772 3.11995276 0 P 10 
L 2.39811614 1.95683071 2.39811614 2.1536811 0 P 10 
L 2.203 3.11395276 2.203 3.25207874 0 P 10 
L 0.63472933 2.49498524 0.80920768 2.49498524 0 P 10 
L 0.73929134 0.94820472 0.73929134 1.71220472 0 P 10 
A 2.20253937 2.9304252 2.16330709 2.9304252 2.18292323 2.9304252 0 P 10 N
A 2.55788386 1.95683071 2.59711614 1.95683071 2.5775 1.95683071 0 P 10 N
